easy

174090600
000038157
530701004
007349800
840500360
305006470
286900001
000627038
053080096



easy2

105702638
200006005
063840210
059201380
002058009
710030502
004560720
500004063
326107004



inter

517600034
289004000
346205090
602000010
038006047
000000000
090000078
703400560
000000000

inter2

517600034
089004000
306205090
600000010
030006047
000000000
090000078
703400560
000000000

diff

005300000
800000020
070010500
400005300
010070006
003200080
060500009
004000030
000009700



hard

850002400
720000009
004000000
000107002
305000900
040000000
000080070
017000000
000036040
